0
6
19

7
3 0 1 15 29 3 13 
1 1 3 3 26 0 18 
1 0 1 11 52 0 7 
0 1 1 22 23 4 9 
0 0 0 8 29 7 18 
9 0 4 10 24 0 15 

4
39 1 15 7 
2 4 37 9 
11 13 4 42 
24 7 20 7 
12 12 22 14 
4 7 32 19 

4
0 46 1 19 
12 23 2 15 
0 23 3 46 
0 27 6 27 
0 18 13 33 
0 36 3 23 

3
19 47 0 
21 32 1 
1 71 0 
0 60 0 
2 60 0 
19 43 0 

4
20 38 8 0 
24 25 5 0 
44 23 6 1 
22 33 3 0 
23 33 8 0 
26 28 8 0 

6
0 17 5 29 0 15 
1 7 5 22 6 13 
0 1 5 37 14 17 
0 2 6 31 9 10 
0 1 17 32 6 8 
0 7 7 30 13 5 

8
0 0 0 24 7 6 0 29 
0 8 2 24 0 0 1 19 
0 2 0 55 2 0 2 13 
0 1 0 37 2 0 6 14 
1 2 0 37 2 1 4 15 
0 0 0 40 9 0 5 8 

2
51 15 
39 13 
37 37 
22 38 
15 49 
34 28 

3
1 41 20 
10 13 31 
15 10 49 
10 8 42 
16 17 29 
18 14 26 

7
18 0 5 2 2 4 31 
27 0 0 7 7 4 9 
9 0 2 14 14 24 11 
20 0 7 14 7 6 6 
13 3 2 8 12 4 22 
27 0 2 11 11 0 5 

4
0 61 1 0 
2 43 7 2 
0 61 13 0 
4 28 28 0 
1 31 31 1 
4 44 4 4 

10
0 0 0 0 0 34 10 0 0 0 
0 8 0 0 0 24 8 9 3 0 
0 0 0 0 7 20 12 18 13 2 
0 0 0 1 0 23 13 13 2 2 
1 0 1 4 2 21 3 6 22 0 
3 1 0 0 4 29 7 4 0 2 

15
18 0 22 1 0 5 20 0 0 0 0 0 0 0 0 
4 1 16 3 0 15 5 0 7 2 1 0 0 0 0 
7 0 46 2 1 4 1 0 0 0 0 7 1 0 1 
4 0 44 1 0 0 7 0 0 0 0 0 2 0 0 
2 0 53 0 0 0 5 0 0 0 0 0 1 1 0 
15 0 24 2 0 7 4 1 7 2 0 0 0 0 0 

4
2 20 34 6 
0 27 19 0 
0 41 29 0 
0 17 33 0 
2 28 24 0 
0 30 24 0 

12
13 0 2 13 1 19 0 0 15 3 0 0 
0 0 9 13 3 1 6 0 16 0 0 4 
0 0 14 12 16 3 1 0 23 0 1 0 
0 1 26 8 10 2 5 1 4 0 1 0 
0 0 13 12 16 4 4 0 15 0 0 0 
4 0 15 3 3 0 15 0 21 0 1 0 

2
34 32 
27 27 
37 37 
29 29 
32 32 
31 31 

4
1 28 33 4 
2 26 26 0 
0 37 37 0 
0 24 34 0 
0 43 21 0 
0 29 32 1 

5
0 13 2 51 0 
0 17 8 29 0 
0 30 3 41 0 
1 18 2 36 1 
4 29 6 25 0 
0 44 0 18 0 

4
36 30 0 0 
15 32 0 7 
32 35 1 6 
25 29 0 4 
28 30 0 6 
22 36 0 4 

