-1649166462
578764270
599117198
31225359
952992756
469079675
211181838
-495925196
650717856
2139185566
782165499
1694869870
-1926424710
-2141031032
-467203953
368576230
-1763175340
249415911
-815316864
-834087618
737453905
1004233607
296056074
-1017542783
-228884903
1797381922
1755427332
-2020664908
526838766
-732858585
339012527
471705461
-400985223
-184505840
-229387330
981374393
1882809838
-1063491320
333954425
-1974252897
-276591035
-1930569371
690983568
-1900644853
1691807252
-194534351
-2003118152
-1271010606
-1754560018
698144629
1062256743
254740006
1449543055
-2122099203
-1898621888
128428251
-547630783
1281611842
2004787941
1740488522
345286050
1872330131
1940654315
-36218155
-1272704946
-1803359493
1408336911
1270700335
287592465
726072591
1084823491
-1993695803
-391527872
-229701629
1100759611
-1764107834
-868278654
764979290
1354203028
1565779162
1140638577
994124486
-386277415
2030085468
982324009
-1125362246
923970237
54298925
2108678135
535378061
-1923148837
-1099657672
504293458
-399118974
-2126905357
-376776083
1098212396
-993697505
8
