MSA-Output from file: BKFGF.TXT          2001,2002,2003 written by Daniel Dieringer
GF12
GF43
GF75
GUJ0084
GF5
GF74
GUJ0013
MCW0069
GF20
GF69
GUJ0001
GUJ0066
GF13
GF168
GUJ0059
GF151
GF30
GF37
GUJ0086
POP
DOR, 005005 000000 002002 001002 002002 002002 008008 001001 003003 007007 002002 006006 001007 002002 001001 001002 003003 004004 002002
DOR, 004005 000000 002002 001002 001002 002006 004008 001001 002002 007007 002002 006006 007007 001003 006006 001002 002004 004004 001002
DOR, 000000 004004 002002 001002 002002 002002 006006 001001 002003 001001 002002 006006 001003 002002 004006 001002 002004 004004 001001
DOR, 005007 001001 002004 001001 002002 002004 005008 001002 002003 001005 002002 007007 007007 002004 009010 001002 002002 003004 001001
DOR, 004005 001001 002002 002002 002003 004006 005006 001002 003003 006006 002002 006006 001003 002002 006009 001002 003003 002004 002002
DOR, 005005 001001 002004 002002 003003 002006 004004 001001 000000 000000 000000 000000 003004 002004 004009 001002 002003 004004 001002
DOR, 004004 001001 002002 002002 002003 004004 004004 001001 002002 001001 002002 000000 001001 002002 004009 001002 003003 003004 001001
DOR, 004004 001001 002002 002002 001002 004006 008008 001001 002002 001001 002002 006006 001003 003004 004004 001002 002003 004004 001002
DOR, 001005 001001 002002 001002 001001 003006 005008 001002 002002 007007 002002 006006 007007 003003 003006 001002 002002 002004 001002
DOR, 004004 001001 002002 001002 002002 004006 004008 001002 002002 007007 002002 006006 003007 003003 006009 001002 002003 004004 001002
DOR, 005007 001001 002004 001002 001002 002004 004008 001002 002002 007007 002002 006006 007007 003003 001001 001002 002003 004004 001002
DOR, 001004 003004 004004 001001 001002 003004 004004 001001 002002 001007 002002 007007 001003 003003 004009 001002 003003 004004 002002
DOR, 004005 003003 002002 001002 001002 004006 004004 001001 003003 001001 002002 000000 006007 003003 004009 001002 003003 004004 001002
DOR, 004004 003003 002002 002002 002002 004004 004008 001002 002003 001005 002002 000000 003007 002002 005009 001002 002003 002004 001002
DOR, 004007 003003 002002 002002 002002 004006 004008 001002 002003 001007 002002 000000 006006 000000 004004 001002 002003 004004 001002
DOR, 005005 002003 004004 001002 001001 004006 004004 001001 002002 003007 002002 000000 003006 002003 006009 001002 002004 002002 001001
DOR, 005007 001001 002004 001002 002003 004004 004008 001001 002002 003007 002003 000000 001003 003003 001004 001002 002002 002004 001001
DOR, 005006 001001 002003 002002 001002 004004 008008 001001 002002 007007 002002 006006 001007 003003 001001 001002 002003 002004 001002
DOR, 005007 001001 002004 002002 001002 004004 004008 001001 002002 004004 002002 006006 007007 003004 009010 001002 002003 002004 002002
DOR, 004006 001001 002002 001002 002002 002004 005008 001002 001003 001007 002002 000000 001003 003003 006006 001002 002003 004004 001001
DOR, 003005 001003 004004 002002 002002 004006 004004 001002 002003 007007 002002 006006 003003 003003 006009 001001 001002 002004 002002
DOR, 006007 001003 004004 002002 001003 004004 004008 001001 002003 007007 002002 006006 001003 003003 001001 001002 003003 004004 002002
DOR, 001005 001001 002002 002002 002002 002004 008008 001001 002002 001003 002002 006006 003003 003004 003009 001002 002002 002004 001002
DOR, 005007 001001 002004 002002 001001 002003 008008 001001 002002 003003 002002 007007 003006 003004 004009 001002 003003 004004 001001
DOR, 007007 001001 002004 002002 002003 004006 004004 001001 002002 006006 002002 000000 003003 003003 004009 001002 003003 004004 001002
DOR, 005007 001001 002004 002002 002003 004006 004008 001001 002003 001001 002002 006006 001003 003003 001009 001002 002003 004004 001002
DOR, 007007 003003 004004 002002 001001 004004 005005 001002 003003 007007 002002 006006 001007 003003 001001 001002 003003 002002 002002
DOR, 005005 001004 002002 001002 001002 002002 004008 001002 002003 001007 002002 000000 001003 002002 006006 001002 002004 004004 001002
DOR, 005005 001001 002002 002002 001002 002002 008008 001001 002003 001007 002002 007007 003007 003003 006010 001002 002003 004004 001002
DOR, 005005 004004 002002 002002 001002 003004 006008 001002 002003 007007 002002 006006 001001 001002 006006 001002 002003 004004 001001
DOR, 005007 001003 002002 001001 002002 002006 008008 001002 002002 007007 002002 006006 003007 002002 001006 001002 002003 004004 001001
DOR, 004005 001003 002004 001001 001002 002006 006008 001002 000000 000000 000000 000000 001007 000000 006006 001002 002003 002004 001002
DOR, 005005 003004 002002 002002 002002 003006 005006 001002 002003 007007 002002 007007 001007 002002 004006 001002 002003 004004 001001
POP
FAD, 007007 003003 002002 002002 001002 001004 004008 001002 001002 001004 002002 002002 006007 002003 003009 001002 003003 003004 002004
FAD, 002005 003003 001002 001002 001002 004004 004004 001001 003003 001004 002002 002008 004004 003003 003009 001002 002003 002003 002002
FAD, 005007 000000 002002 001002 001001 004005 004008 001001 001003 001007 002002 007008 001007 002002 004009 001002 002003 004004 002004
FAD, 005007 003004 002004 001002 001001 005005 004004 001002 001002 001001 002002 007008 003007 003003 004007 001002 002002 002004 002002
FAD, 005007 001003 002004 002002 001002 006006 003008 001002 003003 004004 002003 007007 001003 002002 003012 001002 002003 003004 001002
FAD, 005005 003003 001004 001002 002002 005006 004008 001002 003003 005007 002003 006006 004009 002003 003009 001002 003003 002002 001002
FAD, 005005 003003 002004 002002 001001 006006 004008 001002 001003 004007 002002 000000 009009 002002 003012 001002 003003 003003 002002
FAD, 005007 003004 002004 002002 002002 005006 003008 001002 003003 004005 002003 006008 003003 002002 003012 001002 002003 002003 002002
FAD, 005005 003003 001002 001002 001002 002004 004008 001001 002003 005007 002002 006006 006006 002002 004009 001002 002002 002004 001002
FAD, 005007 002003 004004 001002 002003 004004 004008 001001 002003 005007 002002 006006 003003 003003 003004 001002 002002 002004 001002
FAD, 005007 003003 002004 002002 001003 004006 004008 001001 003003 001001 002003 006009 001001 000000 003007 001002 002002 004004 002002
FAD, 005005 003003 002002 001002 003003 004004 004008 001002 003003 005007 002003 006006 003006 003003 004009 001002 002002 004004 002004
FAD, 005005 003004 001002 002002 002002 006006 008008 000000 003003 001007 001001 002006 006006 003003 003007 001002 003003 002003 002004
FAD, 005007 003003 000000 002002 001002 002004 004004 001002 002003 001001 003003 007008 002003 003003 009009 001002 002003 002004 002004
FAD, 003003 003004 001002 002003 001002 002004 002002 001001 002002 001001 002002 002002 003006 002002 004009 001002 003003 002004 002002
FAD, 003004 001004 002002 002002 001002 004004 004008 001001 002002 001001 002002 008008 003009 002002 009009 001002 001003 002004 002004
FAD, 005007 003003 002002 001002 001001 003004 002008 002002 001003 004007 002002 006006 003007 002002 004004 001002 002003 004004 001002
FAD, 005005 003004 004004 001002 001001 006006 002004 001002 002002 001005 002002 006006 003010 002002 009009 001002 002002 002002 001001
FAD, 001007 002003 002004 002002 001002 002004 004007 001002 003003 001005 002002 002002 007011 002002 004009 001002 003003 002002 001002
FAD, 005007 003004 004004 001001 001002 002004 004008 001002 001003 006006 004004 007007 003006 003003 004009 001002 002002 002004 001001
FAD, 005007 002002 001002 001002 002003 004006 004008 001001 001003 001007 002002 006006 003006 000000 007012 001002 002003 004004 001002
FAD, 005007 003003 001004 002002 001002 003004 002002 001001 003003 001001 002002 006006 006010 003003 007009 001002 001002 004004 002002
FAD, 004007 003003 003004 001001 002002 002003 004008 001001 003003 001001 002002 009009 003006 002002 005006 001002 003003 004004 001002
FAD, 004005 003003 002003 001001 002002 002003 004008 001001 002003 001001 002002 007008 006009 002003 005005 001002 003003 004004 001002
FAD, 000000 003004 001002 001002 001002 004006 004008 001001 002003 001001 002002 006008 003006 002002 000000 001002 002003 002004 002004
FAD, 007007 003004 001001 001001 002002 004005 004004 001001 001001 001001 002002 006006 006009 000000 004004 001002 002003 003004 001002
FAD, 005007 003003 001001 001001 001001 003004 002002 001001 001003 006006 002002 006006 006009 000000 004007 001002 002002 004004 001002
POP
GAO, 005005 004004 004004 002002 002002 004004 004008 002002 003003 004005 002003 008008 003003 003003 006006 001002 002002 002004 001002
GAO, 004005 004004 004004 002002 001002 004004 004004 001001 003003 006006 002003 005005 003003 003003 005009 001002 002003 004004 001001
GAO, 005005 004004 004004 002002 001002 004004 004004 001001 003003 006006 002002 009009 001003 002002 004005 001002 002003 004004 001001
GAO, 003005 004004 004004 002002 001002 003004 004004 002002 003003 005007 002003 006008 003003 002003 003009 001002 002003 002004 001001
GAO, 005005 001004 002004 002002 001002 004006 004004 001001 001003 001007 002003 007007 003003 002003 005009 001002 002002 002003 001001
GAO, 005007 004004 002004 002002 001002 005005 004004 002002 003003 005007 002002 007008 001003 002002 004009 001002 002003 002004 001001
GAO, 004005 004004 002004 002002 001001 004006 004004 002002 002003 006006 002002 006006 003003 002002 004009 001002 002002 004004 001002
GAO, 005005 004004 004004 002002 001003 003004 004004 001001 003003 004005 002002 007008 003005 002003 003009 001002 002003 004004 002002
GAO, 005005 002002 004004 002002 002003 004004 004004 002002 003003 006006 002002 009010 003003 002003 004011 001002 003003 004004 001002
GAO, 005005 002004 002004 002002 001001 004004 004008 001002 001002 004004 002002 006009 006006 002002 009009 001002 002003 002002 001001
GAO, 005005 001002 004004 002002 001002 003004 004004 001002 001001 001001 002002 009009 003003 002003 003009 001002 002003 003004 001002
GAO, 005005 002004 002004 002002 001002 004004 004008 001002 001003 004004 002002 006008 003006 002003 004009 001002 002003 002004 001002
GAO, 005005 002002 002004 002002 001002 005005 004004 001002 003003 004004 002002 008008 003003 003003 004005 001002 002003 002002 002002
GAO, 005007 001002 004004 002002 001002 004006 002004 001001 003003 007007 003003 007009 007012 002002 004005 001002 002003 002004 001002
GAO, 005007 001002 002004 002002 001002 004006 002007 001001 003003 006006 002003 007009 012015 002002 004009 001002 002003 002004 002002
GAO, 004005 001004 002004 002002 001003 004006 004004 002002 001002 006006 003003 008010 003003 003003 003005 001002 002003 004004 001004
GAO, 005005 001003 002004 002002 001001 004005 004008 001002 003003 006006 002002 005008 001003 003003 005009 001002 003003 002004 001002
GAO, 004005 004004 002004 002002 001001 005005 004004 001001 002002 004005 002002 005005 003006 002002 004005 001002 002003 002004 001002
GAO, 004005 000000 002002 002002 002002 005006 004004 001002 001003 005007 002002 006008 000000 000000 000000 001002 002003 002004 002004
GAO, 004005 003004 002002 002002 001002 004006 004004 001001 003003 004004 002003 006008 004004 002002 004005 001002 002003 002004 002004
GAO, 004005 001002 004004 002002 001001 004004 004004 002002 003003 001007 003003 009009 003003 002003 005005 001002 003003 004004 002004
GAO, 005007 002004 004004 002002 002003 005006 004008 001002 002003 006006 002002 006006 000000 000000 000000 001002 002002 002003 002002
GAO, 005005 004004 004004 002002 001002 004006 004004 001002 001003 006006 002002 007007 003003 002003 009009 001002 003003 002004 001002
GAO, 005007 003004 003004 002002 001001 004005 004004 001002 003003 006006 002002 007007 003003 003003 003003 001002 002003 004004 002002
GAO, 005005 004004 002002 002002 001002 004005 004008 001002 002003 005005 002002 006006 003003 002002 006009 001002 002003 002004 002002
GAO, 005005 004004 002004 002002 001001 005006 008008 001001 001002 005005 002002 006008 003003 002002 009009 001002 002003 002002 001002
GAO, 005005 004004 002004 002002 001001 004004 004008 001002 001003 005007 002002 006007 001001 002002 003005 001002 002003 002004 001002
GAO, 000000 000000 000000 000000 001001 002004 004008 001002 001003 001001 002002 006008 003003 002003 003005 001002 002002 002004 001001
GAO, 004005 002004 002004 002002 001002 003005 005005 001002 003003 004004 002002 006006 003003 002003 003009 001002 002002 002004 001003
GAO, 004005 004004 004004 002002 001002 004006 004008 001001 001003 003003 002002 000000 012013 003003 009009 001002 002003 004004 001002
GAO, 001005 004004 002003 002002 001003 005006 004004 001002 002003 001007 002002 005007 003003 003003 005007 001002 003003 004004 001002
GAO, 005007 002003 002004 002002 001004 003004 004004 001002 003003 006006 002003 006009 003003 002003 003009 001002 002003 002004 002002
GAO, 005007 001001 004004 002002 001003 004004 004008 001002 002003 005005 002002 006008 003003 002003 003005 001002 002003 004004 001002
GAO, 004005 001004 002004 002002 001002 006006 004008 002002 001003 001005 002002 006008 003003 002003 004005 001002 002003 002002 001002
GAO, 005005 004004 004004 002002 001001 004006 004007 002002 001003 001004 002002 006008 012012 002002 004009 001002 002003 002004 002004
GAO, 005005 001004 004004 002002 001001 006006 004004 001002 001003 007007 002002 005008 012012 002002 003009 001002 003003 002002 001004
GAO, 004005 004004 002003 001002 001002 004004 004004 002002 003003 006006 002002 009009 001001 002002 003003 001002 002003 002004 002002
POP
OUA, 002005 002003 004004 002002 001002 004004 004004 002002 001002 001007 002003 006006 003003 002003 006006 001002 002003 004004 001002
OUA, 003004 003003 002002 002002 002002 006006 004004 001002 002002 001004 002002 008008 003003 003003 003003 001002 002003 004004 002002
OUA, 005007 001003 002004 002002 001002 004005 004007 001002 001001 006006 003003 007007 003003 003003 004004 001002 003003 002002 001002
OUA, 004005 001003 002002 002002 001002 006006 004004 001002 002003 001003 001002 000000 003003 003003 003003 001002 002003 004004 002002
OUA, 004005 000000 002004 002002 002002 004005 004007 001002 001001 004005 002003 006006 003003 000000 005005 001002 003003 004004 001002
OUA, 005007 004004 002002 002002 002002 000000 004008 001002 003003 003004 003003 006006 003003 002003 004005 001002 002003 002002 001002
OUA, 004005 001003 002003 002002 001002 003004 004007 002002 003003 001001 003003 000000 003004 000000 003005 001002 002003 004004 001002
OUA, 004004 003004 002004 002002 001002 006006 004008 002002 003003 001001 001002 000000 003003 003003 003003 001002 002003 004004 001002
OUA, 005006 001004 004004 002002 002002 003004 004008 001002 002003 004004 002003 006006 003007 002002 003004 001002 002002 002002 001001
OUA, 004004 001001 002002 002002 002002 004004 004008 001002 003003 003004 002003 008008 003003 003003 003003 001002 002003 004004 001002
OUA, 004005 001001 002002 002002 001001 004004 004008 001002 001003 004004 002002 008008 003003 002003 004009 001002 003003 002003 002004
OUA, 004005 001003 003004 002002 001002 004006 004005 002002 001003 001007 002003 008008 003003 003003 003004 001002 002003 001004 001002
OUA, 004007 001003 002004 002002 001003 004004 004008 001001 001003 006006 001002 007007 003003 002003 003003 001002 003003 002004 002002
OUA, 004004 003004 002002 002002 001002 004006 004004 001002 003003 001004 001003 007008 003003 003003 003003 001002 002003 004004 002002
OUA, 004005 003004 004004 002002 002003 003003 008008 001002 003003 004004 002002 007007 003003 002003 005005 001002 002002 002002 001001
OUA, 004004 001003 004004 002002 001002 004004 004008 002002 003003 006006 002002 006006 000000 000000 000000 000000 000000 000000 000000
OUA, 005007 003003 003004 002002 000000 002004 004008 001002 002003 005005 003003 006008 003003 003003 003003 001002 003003 002004 001002
OUA, 005005 001001 004004 002002 002002 004006 004005 002002 003003 001005 002003 007009 003003 003003 005007 001002 002003 004004 001001
OUA, 005007 003003 002004 002002 002002 005005 004007 001002 003003 003007 003003 004007 001003 000000 003003 001002 002002 002004 002002
OUA, 006007 001003 002004 002002 002002 004004 004004 001001 003003 001001 002003 006006 007013 002002 003003 001002 003003 004004 001002
OUA, 004007 001001 002004 002002 002002 002005 002004 001002 002003 001005 002002 006006 003007 002003 003007 001002 003003 002004 001001
OUA, 006007 001002 002004 002002 001001 004004 007008 002002 001001 004007 002003 008008 003003 003003 004005 001002 003003 003005 002002
OUA, 005005 001001 002003 002002 001002 004004 007008 001001 003003 001001 002003 006006 007007 003003 003009 001002 003003 002002 001002
OUA, 005005 001001 002002 002002 001002 005005 004004 002002 003003 005005 003003 006006 001007 003003 007007 001002 002002 004004 001001
OUA, 004006 002002 002004 002002 001001 003004 004008 001002 003003 003003 002002 007007 003003 003003 004007 001002 002002 004004 001001
OUA, 004005 001003 004004 002002 001001 003004 004004 001002 003003 001007 002003 007009 007013 002003 008011 001002 003003 004004 002002
OUA, 005007 001001 004004 002002 002003 004004 004004 002002 003003 001001 002002 006006 003003 002002 003005 001002 002003 002002 004004
OUA, 004005 002002 003004 002002 001002 004004 004004 001002 002003 004004 003003 007008 003003 002002 009009 001002 002002 004004 001002
OUA, 004005 002004 003004 002002 001002 005005 004004 002002 003003 001007 002003 006006 001001 000000 002003 001002 003003 004004 001002
OUA, 004005 003003 002002 002002 001002 004006 004008 002002 003003 001003 003003 010010 003003 002002 003005 001002 002003 002004 002004
POP
TEN, 004005 000000 004004 002002 001002 004004 004004 002002 002003 007007 002003 006006 003003 002002 009009 001002 002003 003003 002004
TEN, 005006 002003 002004 002002 001001 003004 008008 001002 003003 001005 003003 006006 003003 000000 003005 001002 002002 002002 001001
TEN, 005006 001003 002004 002002 002003 003004 004008 002002 000000 002005 003003 006006 003003 002003 003004 001002 002002 002004 001001
TEN, 005007 003004 004004 002002 002003 005005 004004 001002 003003 001004 002003 006009 003007 001001 003004 001002 002003 001003 001001
TEN, 005007 003004 003004 002002 002003 004004 004004 001002 002003 001005 003003 006006 003007 002002 003005 001002 002003 001003 001001
TEN, 004005 004004 002004 002002 001002 004006 004008 001001 001003 005005 002003 009009 003003 000000 004005 001002 002002 002002 002002
TEN, 005005 003004 003004 002002 002002 004006 008008 001002 003003 001005 002002 009009 003003 000000 004004 001002 002003 001003 001002
TEN, 004005 003003 004004 002002 002002 004004 006007 001002 001001 007007 002002 003006 003003 002002 005009 001002 002003 002002 001002
TEN, 005007 003003 003004 002002 001002 003004 004007 001002 001003 007007 002003 000000 001001 002002 006006 001002 002002 002004 002002
TEN, 004007 003003 003004 002002 002003 004005 004008 001002 003003 004007 002003 000000 003003 002002 006006 001002 002002 002002 001002
TEN, 005005 003004 002004 002002 001001 003003 004008 001002 002003 003007 002002 008008 003003 002002 004009 001002 003003 002004 002002
TEN, 004006 001001 002004 002002 001003 003004 004004 002002 001002 001005 002002 006006 003003 002003 005005 001002 002002 002003 001002
TEN, 007007 002004 003004 002002 002002 004006 004004 002002 002002 001001 002002 008008 003003 002002 005009 001002 002002 002004 001002
TEN, 000000 001001 002004 002002 002002 004004 004004 002002 002002 006006 002003 009009 000000 002002 003007 001002 002003 002004 002004
TEN, 005005 003003 003004 001002 001002 003004 000000 001001 001002 007007 002003 006008 003003 003003 003007 001002 002003 002004 001001
TEN, 005006 002002 002004 002002 002002 003004 004004 002002 001003 004007 002003 006006 003003 002002 003009 001002 002003 004004 002002
TEN, 005007 003003 002002 002002 001001 004006 004004 002002 003003 005007 002002 009009 003003 002002 003003 001002 002003 002004 001001
TEN, 005007 002003 002003 001002 002003 004005 004008 002002 001003 006006 003004 007007 003007 003003 005009 001002 002003 002004 002002
TEN, 005007 001003 002004 002002 002002 005006 008008 002002 002003 004004 002003 009009 003007 003003 009009 001002 002002 002004 002002
TEN, 007007 001003 002003 002002 001002 003004 004007 002002 001003 001005 003003 006006 003003 003003 009009 001002 002002 002004 001002
TEN, 005005 000000 002003 002002 002003 003004 002004 002002 002003 001004 003003 006006 003003 002002 004009 001002 002002 002004 004004
TEN, 005005 004004 003004 002002 001002 003004 004005 001002 001003 001004 001002 009009 003007 003003 005007 001002 003003 004004 001002
TEN, 007007 001002 004004 000000 001001 003004 004004 002002 001001 001007 003003 009009 003003 003003 005009 001002 002002 004004 001002
TEN, 004007 001002 003004 002002 001002 003004 001004 002002 003003 001007 002003 007009 003003 003003 005009 001002 002002 002002 001001
TEN, 007007 002003 004004 002002 001002 004006 002004 002002 001002 007007 003003 005005 003003 000000 007009 001002 002003 002004 001001
TEN, 005005 003003 002004 002002 002002 002005 004008 002002 001003 004007 002002 009009 013014 003003 004005 001002 002003 002004 001002
TEN, 005006 001001 002004 002002 001001 004006 005007 002002 002002 005007 002003 001008 003003 002002 003005 001002 002003 004004 001002
TEN, 005006 002004 002004 002002 001002 003004 004004 001002 001001 005007 002003 009009 003003 000000 003004 001002 002003 004004 002002
TEN, 004005 001002 004004 002002 001001 004004 004004 002002 003003 001007 003003 009009 003003 002003 005005 001002 003003 004004 002004
TEN, 005006 002004 002002 002002 002002 004006 008008 001002 003003 003007 002003 006006 003003 002003 004005 001002 002002 001002 002004
TEN, 004007 004004 003004 002002 002003 003004 004004 002002 002003 002007 002003 004004 003003 003003 003004 001002 002003 002002 001002
TEN, 005007 002004 003004 002002 001002 003003 004008 002002 002002 002005 002002 004004 003003 003003 003004 001002 002002 002002 001002
POP
TNK, 004005 002003 002002 002002 001003 004004 005005 001001 001003 005005 003004 001006 003009 003003 009009 001002 002003 002002 001002
TNK, 005005 001003 002003 001002 001003 002004 005008 001001 003003 001004 002002 006006 001001 003003 005009 001002 002004 002004 002002
TNK, 005007 001004 002004 002002 002003 004006 004004 001002 001003 004007 002002 006006 003009 003003 003007 001002 003003 002002 002002
TNK, 001005 003004 002004 002002 001002 004006 004004 001002 001001 001004 002002 006006 001009 003003 003004 001002 002003 002004 001002
TNK, 001007 003003 004004 001002 001002 004004 004004 002002 001002 001007 002002 007007 003003 002002 003005 001002 003003 002004 001002
TNK, 005007 001004 002004 001002 001002 003004 004004 002002 001003 001007 002002 010010 003006 003003 003009 001002 002002 002002 001001
TNK, 007007 003003 002002 001002 002003 004004 004004 001001 000000 000000 000000 000000 001003 002002 009009 001002 002003 002004 001002
TNK, 004007 003003 002002 002002 001002 004004 004007 001001 002003 005005 002002 006006 001001 002002 009011 001002 002002 002002 001002
TNK, 005007 002002 002004 001002 001002 003004 004004 002002 002003 001001 002002 005007 001003 000000 003005 001002 003003 002002 002002
TNK, 007007 004004 002004 002002 001002 003005 004004 001002 000000 000000 000000 000000 001010 002002 001009 001002 002002 002002 002002
TNK, 003005 002004 002002 002002 001001 003006 004008 002002 002002 001001 001003 007007 003003 003003 007007 001002 002003 002002 001004
TNK, 007007 004004 002002 001001 001001 003005 004007 001001 003003 005005 002002 000000 001010 002002 003003 001002 002002 004004 001002
TNK, 004004 002004 002003 002002 002003 004004 004008 001001 001001 001001 002002 001005 003006 002002 001003 001002 002003 002002 002002
TNK, 004004 003004 002003 002002 002003 004006 004008 001001 001001 001003 002002 005005 001006 002003 001003 001002 003003 002004 001002
TNK, 004007 004004 002002 002002 001002 005005 005008 001001 001003 001004 002002 006008 001001 003003 004009 001002 002003 002004 001001
TNK, 001001 003003 002002 001002 001002 002004 004004 002002 002003 001005 002002 006006 001001 003003 003009 001002 002003 002004 001001
TNK, 005005 003004 004004 002002 002002 004005 005007 001001 001003 001004 002003 006006 004009 003003 007007 001002 003003 002002 001002
TNK, 005005 003004 004004 002002 001002 004004 004007 001002 003003 000000 000000 000000 003004 002002 007009 001002 003003 002002 001002
TNK, 005005 003003 004004 001002 001002 004004 004005 001002 002003 001001 002002 001008 006006 002002 007007 001002 002003 002002 002002
TNK, 005005 003004 002002 001002 001002 002002 004005 001001 002003 007007 001004 002006 003007 002002 009009 001002 002002 002004 001001
TNK, 001005 003004 002002 002002 001002 005005 004004 001001 002002 001005 001001 006006 003003 002003 004009 001002 003003 002004 001002
TNK, 003007 003003 004004 001002 001001 005005 004008 001002 001002 001001 002002 006006 006009 000000 003007 001002 002003 002004 002002
TNK, 001005 003003 004004 001001 001002 002004 005008 001001 003003 001005 002002 000000 003009 002003 003003 001002 003003 002002 001002
TNK, 001007 002002 002002 001002 002002 004004 004004 002002 001001 001001 002004 007008 003003 002002 003009 001002 003003 002004 002002
TNK, 003007 003003 002004 001002 001001 003004 004004 001002 001002 001001 002002 006007 003006 000000 003007 001002 002002 002002 002004
TNK, 004005 001004 002002 001002 002003 003004 004004 002002 002003 003004 002002 006008 003003 003003 009009 001002 002003 002004 002004
TNK, 005005 003004 004004 001002 001002 005005 004004 002002 001003 001005 002002 006006 007008 002003 007007 001002 002003 002004 002004
TNK, 004005 003003 004004 002002 001002 004005 004007 001002 001003 001005 002002 000000 003003 000000 001009 001002 003003 002004 001002
TNK, 001004 003004 002004 002002 001003 005006 004008 002002 003003 004004 002002 006006 003007 002002 009009 001002 002003 002004 002002
TNK, 003005 003003 002002 001001 002002 002002 004005 001002 002003 004004 002002 006006 007009 002002 007009 001002 002002 002002 002002
TNK, 001005 003003 002002 002002 002002 004004 004004 001002 003003 001004 003004 006006 001003 002002 007007 001002 002002 002004 001002
